Programme...:	MICH				
Date........:	   202024-01-				
Heure.......:	     4 12:09:				
Colonnes....:	3				
Lignes......:	458				
D?alage....:	17				
Commentaires:					
					
P.abs.i.(mp):	1.51E+05	P.cal.i.(?m):	2.04E+01	V_min___(mV):	-8.30E+04
P.abs.f.(mp):	1.53E+05	P.cal.f.(?m):	1.37E+02	V_max___(mV):	-2.96E+05
Nbre_de_pts_:	4.58E+02	D?ai___(ms):	8.00E+01	Calibration_:	1.00E+00
					
Source......:	Lampe Mercure				
Filtre......:	Lentille convergente f60mm				
D?ecteur...:	Si-PIN30807				
?ch._du_pico:	200nanoamp				
					
Temps___(ms):	Pos.cal.(?m):	Tension_(mV):			
1.15E+07	2.04E+01	-1.66E+02			
1.15E+07	2.14E+01	-1.95E+02			
1.15E+07	2.24E+01	-9.53E+01			
1.15E+07	2.34E+01	-2.17E+02			
1.15E+07	2.44E+01	-1.47E+02			
1.15E+07	2.54E+01	-1.47E+02			
1.15E+07	2.64E+01	-2.08E+02			
1.15E+07	2.74E+01	-1.10E+02			
1.15E+07	2.84E+01	-2.20E+02			
1.15E+07	2.94E+01	-1.25E+02			
1.15E+07	3.04E+01	-1.83E+02			
1.15E+07	3.14E+01	-2.00E+02			
1.15E+07	3.23E+01	-1.03E+02			
1.15E+07	3.33E+01	-2.49E+02			
1.15E+07	3.43E+01	-1.71E+02			
1.15E+07	3.53E+01	-1.95E+02			
1.15E+07	3.63E+01	-2.42E+02			
1.15E+07	3.73E+01	-8.79E+01			
1.15E+07	3.83E+01	-1.98E+02			
1.15E+07	3.93E+01	-2.00E+02			
1.15E+07	4.03E+01	-2.20E+02			
1.15E+07	4.13E+01	-1.98E+02			
1.15E+07	4.23E+01	-9.28E+01			
1.15E+07	4.33E+01	-2.49E+02			
1.15E+07	4.43E+01	-1.66E+02			
1.15E+07	4.52E+01	-1.59E+02			
1.15E+07	4.62E+01	-2.08E+02			
1.15E+07	4.72E+01	-1.05E+02			
1.15E+07	4.82E+01	-2.49E+02			
1.15E+07	4.92E+01	-1.44E+02			
1.15E+07	5.02E+01	-1.56E+02			
1.15E+07	5.12E+01	-2.64E+02			
1.15E+07	5.22E+01	-9.77E+01			
1.15E+07	5.32E+01	-2.61E+02			
1.15E+07	5.42E+01	-1.44E+02			
1.15E+07	5.52E+01	-1.61E+02			
1.15E+07	5.62E+01	-2.44E+02			
1.15E+07	5.72E+01	-1.05E+02			
1.15E+07	5.81E+01	-2.42E+02			
1.15E+07	5.91E+01	-1.71E+02			
1.15E+07	6.01E+01	-1.37E+02			
1.15E+07	6.11E+01	-2.25E+02			
1.15E+07	6.21E+01	-1.22E+02			
1.15E+07	6.31E+01	-1.91E+02			
1.15E+07	6.41E+01	-1.93E+02			
1.15E+07	6.51E+01	-1.76E+02			
1.15E+07	6.61E+01	-1.81E+02			
1.15E+07	6.71E+01	-1.17E+02			
1.15E+07	6.81E+01	-2.10E+02			
1.15E+07	6.91E+01	-1.51E+02			
1.15E+07	7.00E+01	-1.64E+02			
1.15E+07	7.10E+01	-2.27E+02			
1.15E+07	7.20E+01	-9.53E+01			
1.15E+07	7.30E+01	-2.49E+02			
1.15E+07	7.40E+01	-1.91E+02			
1.15E+07	7.50E+01	-1.05E+02			
1.15E+07	7.60E+01	-2.96E+02			
1.15E+07	7.70E+01	-8.30E+01			
1.15E+07	7.80E+01	-2.69E+02			
1.15E+07	7.90E+01	-1.95E+02			
1.15E+07	8.00E+01	-1.17E+02			
1.15E+07	8.10E+01	-2.49E+02			
1.15E+07	8.20E+01	-1.20E+02			
1.15E+07	8.29E+01	-1.86E+02			
1.15E+07	8.39E+01	-2.13E+02			
1.15E+07	8.49E+01	-1.42E+02			
1.15E+07	8.59E+01	-1.86E+02			
1.15E+07	8.69E+01	-1.56E+02			
1.15E+07	8.79E+01	-1.81E+02			
1.15E+07	8.89E+01	-1.78E+02			
1.15E+07	8.99E+01	-1.51E+02			
1.15E+07	9.09E+01	-2.00E+02			
1.15E+07	9.19E+01	-1.07E+02			
1.15E+07	9.29E+01	-2.44E+02			
1.15E+07	9.39E+01	-1.54E+02			
1.15E+07	9.49E+01	-1.44E+02			
1.15E+07	9.58E+01	-2.52E+02			
1.15E+07	9.68E+01	-1.07E+02			
1.15E+07	9.78E+01	-2.30E+02			
1.15E+07	9.88E+01	-2.20E+02			
1.15E+07	9.98E+01	-1.07E+02			
1.15E+07	1.01E+02	-2.52E+02			
1.15E+07	1.02E+02	-1.05E+02			
1.15E+07	1.03E+02	-2.37E+02			
1.15E+07	1.04E+02	-1.88E+02			
1.15E+07	1.05E+02	-1.12E+02			
1.15E+07	1.06E+02	-2.52E+02			
1.15E+07	1.07E+02	-1.15E+02			
1.15E+07	1.08E+02	-1.95E+02			
1.15E+07	1.09E+02	-2.32E+02			
1.15E+07	1.10E+02	-9.28E+01			
1.15E+07	1.11E+02	-2.15E+02			
1.15E+07	1.12E+02	-1.56E+02			
1.15E+07	1.13E+02	-1.59E+02			
1.15E+07	1.14E+02	-2.52E+02			
1.15E+07	1.15E+02	-1.17E+02			
1.15E+07	1.16E+02	-2.49E+02			
1.15E+07	1.17E+02	-1.34E+02			
1.15E+07	1.18E+02	-1.81E+02			
1.15E+07	1.19E+02	-2.42E+02			
1.15E+07	1.20E+02	-1.03E+02			
1.15E+07	1.21E+02	-1.78E+02			
1.15E+07	1.22E+02	-1.73E+02			
1.15E+07	1.23E+02	-1.86E+02			
1.15E+07	1.24E+02	-1.81E+02			
1.15E+07	1.25E+02	-1.15E+02			
1.15E+07	1.26E+02	-2.08E+02			
1.15E+07	1.27E+02	-1.42E+02			
1.15E+07	1.28E+02	-2.56E+02			
1.15E+07	1.29E+02	-1.51E+02			
1.15E+07	1.30E+02	-1.22E+02			
1.15E+07	1.31E+02	-2.69E+02			
1.15E+07	1.32E+02	-1.27E+02			
1.15E+07	1.33E+02	-2.37E+02			
1.15E+07	1.34E+02	-2.30E+02			
1.15E+07	1.35E+02	-9.53E+01			
1.15E+07	1.36E+02	-2.76E+02			
1.15E+07	1.37E+02	-1.61E+02			
